Anal.	jan-1		jan-11		jan-21		feb-1		feb-11		feb-21		mar-1		mar-11		mar-21		apr-1		apr-11		apr-21		may-1		may-11		may-21		jun-1		jun-11		jun-21		jul-1		jul-11		jul-21		aug-1		aug-11		aug-21		sep-1		sep-11		sep-21		act-1		oct-11		oct-21		nov-1		nov-11		nov-21		dec-1		dec-11		dec-21		dec-31
hour	x	y	x	y	x	y	x	y	x	y	x	y	x	y	x	y	x	y	x	y	x	y	x	y	x	y	x	y	x	y	x	y	x	y	x	y	x	y	x	y	x	y	x	y	x	y	x	y	x	y	x	y	x	y	x	y	x	y	x	y	x	y	x	y	x	y	x	y	x	y	x	y	x	y
00:00																																																																										
00:30																																																																										
01:00																																																																										
01:30																																																																										
02:00																																																																										
02:30																																																																										
03:00																																																																										
03:30																																																																										
04:00																																																																			-2292,4	-1570,1	-1102,8	-797,6	-1717,4	-1295,5		
04:30	-262,8	-165,3	-486,8	-307,2																																																											-521,8	-245,7	-268,6	-137,3	-205,1	-112,8	-188,3	-110,0	-200,1	-122,4	-253,4	-159,1
05:00	-123,2	-61,9	-155,4	-78,2	-232,4	-114,1	-617,5	-285,9																																																			-929,4	-257,0	-245,1	-77,9	-157,1	-56,1	-123,4	-48,8	-108,7	-46,9	-104,1	-48,3	-107,8	-52,6	-121,1	-60,8
05:30	-80,5	-31,4	-92,9	-36,2	-115,2	-43,4	-164,5	-57,5	-281,3	-88,1	-997,0	-268,5																																													-384,5	-52,8	-178,2	-30,8	-116,7	-25,0	-92,5	-23,3	-79,9	-23,2	-73,7	-23,9	-71,8	-25,5	-73,6	-27,8	-79,6	-31,1
06:00	-59,3	-17,0	-65,9	-18,8	-76,3	-20,8	-94,9	-23,2	-124,2	-26,0	-180,5	-30,0	-287,0	-36,1	-969,2	-71,5																																					-1511,2	44,5	-251,8	-0,9	-139,1	-5,2	-98,0	-7,2	-75,9	-8,7	-64,9	-9,9	-58,5	-11,1	-55,2	-12,4	-54,2	-13,8	-55,4	-15,3	-58,8	-16,9
06:30	-46,4	-8,8	-50,4	-9,4	-56,4	-9,8	-66,1	-9,6	-79,1	-8,7	-98,6	-6,6	-123,7	-3,3	-177,5	4,6	-309,5	24,9	-1570,6	220,9																															-514,2	83,4	-189,0	24,6	-115,5	11,2	-83,8	5,2	-66,6	1,7	-55,4	-0,9	-49,2	-2,7	-45,4	-4,2	-43,4	-5,5	-42,9	-6,7	-43,8	-7,8	-46,0	-8,7
07:00	-37,4	-3,5	-40,1	-3,6	-44,0	-3,3	-49,9	-2,4	-57,1	-0,6	-66,9	2,2	-77,7	5,7	-96,3	12,2	-125,9	23,0	-188,7	46,2	-342,6	102,7	-1726,0	606,2																									-301,4	90,4	-150,2	40,2	-98,9	23,3	-73,5	14,8	-58,8	9,7	-49,4	6,3	-42,8	3,6	-38,9	1,7	-36,4	0,2	-35,1	-1,1	-34,9	-2,1	-35,5	-2,9	-37,2	-3,4
07:30	-30,7	0,1	-32,7	0,2	-35,4	0,8	-39,3	2,1	-43,8	3,9	-49,6	6,7	-55,5	9,9	-64,6	15,1	-77,2	22,5	-97,9	35,0	-129,1	53,6	-188,5	88,5	-342,5	177,5	-1487,3	830,8																	-595,3	287,8	-218,3	98,5	-122,5	50,9	-85,6	32,8	-65,2	22,8	-52,5	16,5	-44,1	12,2	-38,3	9,1	-34,0	6,5	-31,3	4,7	-29,7	3,2	-28,8	2,0	-28,7	1,1	-29,3	0,5	-30,5	0,2
08:00	-25,4	2,7	-26,9	3,0	-28,9	3,7	-31,6	5,0	-34,7	6,9	-38,4	9,4	-42,0	12,2	-47,4	16,6	-54,1	22,3	-64,1	30,9	-76,9	42,0	-96,1	58,0	-127,1	83,5	-182,8	128,1	-303,5	222,6	-749,8	565,8	-1E+004	1E+004					-5175,3	3696,9	-621,6	425,9	-257,9	167,6	-153,3	94,6	-104,0	60,7	-74,3	40,6	-58,0	29,7	-47,2	22,5	-39,6	17,5	-34,3	13,8	-30,4	10,9	-27,4	8,5	-25,5	6,8	-24,3	5,4	-23,8	4,3	-23,8	3,4	-24,3	2,9	-25,2	2,7
08:30	-21,0	4,6	-22,2	5,0	-23,7	5,7	-25,7	7,0	-27,9	8,8	-30,4	11,2	-32,8	13,7	-36,2	17,5	-40,2	22,2	-45,9	28,9	-52,7	36,8	-61,8	47,3	-74,5	61,3	-92,6	80,7	-118,8	107,8	-159,6	148,4	-205,0	191,6	-239,9	222,3	-237,9	215,9	-200,0	176,0	-153,0	129,8	-111,1	90,0	-84,2	65,2	-65,5	48,4	-51,3	35,9	-42,2	28,1	-35,6	22,4	-30,7	18,1	-27,0	14,8	-24,2	12,2	-22,1	9,9	-20,7	8,3	-19,9	6,9	-19,5	5,9	-19,6	5,2	-20,0	4,7	-20,9	4,6
09:00	-17,2	6,1	-18,1	6,4	-19,3	7,2	-20,9	8,5	-22,4	10,2	-24,2	12,4	-25,9	14,7	-28,1	18,0	-30,7	22,1	-34,2	27,7	-38,3	34,0	-43,4	41,9	-50,0	51,7	-58,7	63,8	-69,7	78,5	-83,9	96,5	-96,6	111,6	-104,9	119,9	-104,6	117,1	-95,8	104,2	-82,4	86,5	-67,2	67,7	-55,2	53,5	-45,6	42,5	-37,4	33,3	-31,7	27,1	-27,3	22,3	-23,9	18,5	-21,2	15,5	-19,2	13,1	-17,6	10,9	-16,7	9,4	-16,1	8,1	-15,9	7,1	-16,0	6,5	-16,4	6,1	-17,1	6,1
09:30	-13,8	7,1	-14,6	7,5	-15,6	8,3	-16,8	9,6	-17,9	11,2	-19,2	13,3	-20,4	15,4	-21,9	18,4	-23,6	22,1	-25,8	26,9	-28,3	32,3	-31,5	38,7	-35,4	46,4	-40,2	55,4	-46,0	65,5	-53,0	76,8	-58,9	85,3	-62,5	89,5	-62,5	87,6	-58,9	80,2	-52,8	69,6	-45,3	57,4	-38,7	47,4	-33,0	39,1	-27,8	31,7	-23,9	26,5	-20,9	22,2	-18,4	18,8	-16,5	16,0	-15,0	13,8	-13,8	11,7	-13,1	10,2	-12,7	9,0	-12,6	8,1	-12,8	7,4	-13,2	7,1	-13,8	7,1
10:00	-10,8	7,9	-11,5	8,4	-12,2	9,1	-13,2	10,4	-14,0	12,0	-14,9	13,9	-15,7	15,9	-16,7	18,7	-17,9	22,1	-19,3	26,4	-20,9	31,2	-22,8	36,7	-25,2	43,2	-28,1	50,5	-31,5	58,5	-35,5	66,8	-38,8	72,8	-40,8	75,4	-41,0	73,9	-39,2	68,6	-35,9	60,9	-31,6	51,7	-27,6	43,8	-23,9	37,0	-20,4	30,7	-17,8	26,0	-15,6	22,2	-13,8	19,0	-12,3	16,4	-11,2	14,2	-10,4	12,2	-9,9	10,8	-9,6	9,6	-9,6	8,7	-9,8	8,1	-10,2	7,9	-10,8	7,9
10:30	-8,0	8,5	-8,6	9,0	-9,2	9,7	-9,9	11,0	-10,5	12,5	-11,2	14,4	-11,7	16,3	-12,3	18,9	-13,0	22,0	-13,8	26,1	-14,8	30,4	-15,9	35,5	-17,3	41,2	-19,1	47,6	-21,2	54,3	-23,6	61,2	-25,6	65,8	-26,9	67,8	-27,2	66,4	-26,3	62,1	-24,4	55,9	-21,8	48,3	-19,3	41,6	-16,8	35,6	-14,4	30,0	-12,6	25,7	-11,0	22,2	-9,6	19,2	-8,6	16,6	-7,8	14,5	-7,2	12,6	-6,9	11,2	-6,8	10,0	-6,8	9,2	-7,1	8,7	-7,5	8,4	-8,0	8,5
11:00	-5,4	8,9	-5,9	9,4	-6,4	10,2	-6,9	11,4	-7,3	12,9	-7,7	14,7	-8,0	16,5	-8,4	19,0	-8,7	22,0	-9,1	25,9	-9,5	30,0	-10,1	34,7	-10,8	40,0	-11,8	45,8	-13,0	51,9	-14,5	57,9	-15,8	61,9	-16,7	63,4	-17,0	62,2	-16,6	58,4	-15,6	52,9	-14,1	46,2	-12,5	40,2	-10,9	34,8	-9,3	29,6	-7,9	25,6	-6,8	22,2	-5,9	19,3	-5,1	16,8	-4,6	14,7	-4,2	12,8	-4,0	11,4	-4,0	10,3	-4,2	9,5	-4,5	9,0	-4,9	8,8	-5,3	8,9
11:30	-2,8	9,2	-3,2	9,6	-3,6	10,4	-4,0	11,6	-4,3	13,1	-4,5	14,9	-4,6	16,6	-4,7	19,1	-4,7	22,0	-4,7	25,7	-4,7	29,7	-4,8	34,2	-5,0	39,4	-5,3	44,9	-5,9	50,6	-6,7	56,2	-7,5	59,8	-8,2	61,2	-8,6	59,9	-8,6	56,3	-8,2	51,3	-7,4	45,0	-6,5	39,4	-5,6	34,3	-4,5	29,3	-3,7	25,5	-2,9	22,1	-2,3	19,3	-1,8	16,9	-1,5	14,8	-1,3	12,9	-1,3	11,6	-1,4	10,5	-1,6	9,7	-1,9	9,2	-2,3	9,0	-2,8	9,1
12:00	-0,3	9,2	-0,7	9,7	-1,0	10,5	-1,2	11,8	-1,4	13,2	-1,4	15,0	-1,3	16,7	-1,2	19,1	-0,9	22,0	-0,5	25,7	-0,2	29,6	0,2	34,1	0,5	39,2	0,7	44,7	0,7	50,3	0,5	55,7	0,1	59,2	-0,5	60,4	-1,0	59,1	-1,3	55,6	-1,4	50,6	-1,3	44,6	-1,0	39,1	-0,5	34,1	0,0	29,3	0,5	25,4	0,9	22,1	1,2	19,3	1,4	16,9	1,6	14,8	1,6	12,9	1,5	11,6	1,2	10,5	0,9	9,7	0,6	9,2	0,2	9,1	-0,3	9,2
12:30	2,2	9,2	1,9	9,7	1,6	10,5	1,5	11,8	1,5	13,2	1,7	15,0	1,9	16,7	2,3	19,1	2,9	22,0	3,6	25,7	4,4	29,7	5,2	34,3	6,1	39,5	6,8	45,1	7,4	50,8	7,7	56,4	7,6	59,8	7,2	61,0	6,5	59,5	5,8	55,9	5,2	50,9	4,8	44,8	4,5	39,3	4,5	34,2	4,5	29,3	4,6	25,5	4,7	22,1	4,8	19,3	4,7	16,8	4,7	14,7	4,5	12,8	4,2	11,4	3,9	10,3	3,5	9,6	3,1	9,1	2,6	9,0	2,2	9,2
13:00	4,8	9,0	4,5	9,5	4,3	10,4	4,3	11,6	4,5	13,1	4,8	14,9	5,2	16,6	5,9	19,1	6,8	22,0	7,9	25,8	9,2	29,9	10,5	34,7	12,0	40,2	13,4	46,2	14,7	52,3	15,7	58,2	15,9	61,9	15,6	63,1	14,7	61,4	13,5	57,4	12,3	52,1	11,1	45,6	10,3	39,9	9,7	34,7	9,3	29,6	8,9	25,6	8,7	22,2	8,4	19,2	8,2	16,7	7,9	14,5	7,5	12,6	7,1	11,2	6,6	10,1	6,1	9,3	5,6	8,9	5,2	8,8	4,8	9,0
13:30	7,4	8,6	7,1	9,2	7,0	10,1	7,2	11,4	7,5	12,9	8,0	14,7	8,7	16,5	9,6	19,0	10,9	22,0	12,6	26,0	14,4	30,4	16,4	35,6	18,7	41,5	21,1	48,2	23,3	55,1	25,1	61,8	25,8	65,9	25,5	67,1	24,3	65,1	22,4	60,5	20,4	54,4	18,3	47,3	16,8	41,0	15,5	35,4	14,4	30,0	13,7	25,8	13,0	22,2	12,4	19,1	11,9	16,4	11,3	14,2	10,7	12,2	10,1	10,7	9,5	9,6	8,9	8,9	8,3	8,5	7,8	8,4	7,4	8,6
14:00	10,1	8,1	9,9	8,7	9,9	9,6	10,2	10,9	10,7	12,5	11,5	14,4	12,4	16,2	13,7	18,8	15,5	22,0	17,8	26,3	20,4	31,1	23,4	36,9	26,9	43,7	30,6	51,5	34,3	59,7	37,5	67,9	39,1	72,9	38,8	74,2	36,8	71,5	33,8	65,8	30,5	58,4	27,1	50,1	24,5	42,9	22,3	36,7	20,4	30,7	19,1	26,1	17,9	22,2	16,9	18,9	16,0	16,1	15,1	13,7	14,1	11,6	13,3	10,1	12,5	9,0	11,8	8,3	11,1	7,9	10,6	7,8	10,2	8,1
14:30	13,1	7,4	12,9	8,0	13,0	8,9	13,5	10,3	14,2	11,9	15,3	13,9	16,5	15,8	18,4	18,6	20,7	22,1	24,0	26,8	27,8	32,2	32,3	38,9	37,8	47,2	43,9	57,0	50,3	67,7	56,3	78,8	59,4	85,7	59,1	87,2	55,7	83,1	50,4	75,0	44,6	65,2	38,8	54,6	34,4	46,0	30,9	38,6	27,8	31,7	25,5	26,6	23,7	22,3	22,1	18,6	20,6	15,6	19,4	13,1	18,0	10,9	16,9	9,3	15,9	8,2	15,0	7,4	14,2	7,0	13,6	7,0	13,1	7,3
15:00	16,4	6,3	16,3	7,1	16,5	8,1	17,1	9,5	18,2	11,2	19,6	13,2	21,3	15,3	23,8	18,3	27,1	22,1	31,9	27,5	37,5	33,9	44,6	42,2	53,7	53,1	64,8	66,8	77,4	83,0	90,4	100,9	97,7	112,4	97,5	114,4	90,0	106,6	78,7	92,9	67,2	77,7	56,4	62,5	48,6	51,0	42,5	41,6	37,4	33,4	33,8	27,3	30,9	22,3	28,4	18,3	26,3	14,9	24,4	12,2	22,5	9,8	21,0	8,2	19,7	7,0	18,5	6,3	17,6	5,9	16,8	5,9	16,4	6,3
15:30	20,0	5,0	20,0	5,8	20,3	6,9	21,3	8,4	22,7	10,2	24,7	12,3	27,0	14,6	30,6	17,9	35,3	22,2	42,5	28,5	51,5	36,6	63,9	47,9	81,4	64,2	105,8	87,5	138,7	120,0	180,6	163,0	209,2	194,7	208,8	198,4	180,8	173,2	144,4	137,4	113,0	105,1	87,9	78,1	71,8	60,1	60,4	46,9	51,3	35,9	45,2	28,4	40,4	22,5	36,6	17,7	33,3	13,9	30,6	10,9	27,9	8,4	25,8	6,6	24,0	5,5	22,6	4,8	21,4	4,5	20,5	4,5	20,1	5,0
16:00	24,3	3,2	24,3	4,1	24,9	5,2	26,2	6,9	28,2	8,7	31,0	11,1	34,2	13,5	39,5	17,2	46,8	22,3	58,5	30,3	74,7	41,5	100,5	59,5	145,3	91,3	233,6	155,2	451,0	315,1	1474,8	1080,5					1516,2	1181,7	519,3	401,0	272,3	204,6	167,2	119,4	120,3	80,4	93,2	57,1	74,3	40,6	62,8	30,2	54,4	22,6	48,0	16,9	42,8	12,4	38,6	9,1	34,7	6,3	31,8	4,5	29,3	3,4	27,4	2,7	25,9	2,5	24,8	2,7	24,3	3,2
16:30	29,3	0,8	29,5	1,8	30,3	3,0	32,3	4,8	35,1	6,7	39,3	9,2	44,0	11,9	52,2	16,2	64,5	22,4	86,6	33,6	123,6	52,3	204,7	93,9	497,4	245,6																	875,5	499,1	300,9	158,8	178,6	85,3	122,5	50,9	95,2	33,9	77,8	23,0	65,7	15,4	56,7	10,1	49,8	6,3	43,8	3,3	39,4	1,5	36,0	0,4	33,3	-0,1	31,3	-0,2	30,0	0,1	29,4	0,8
17:00	35,7	-2,5	36,0	-1,4	37,3	-0,1	40,2	1,7	44,4	3,8	50,8	6,4	58,6	9,3	72,9	14,4	97,2	22,7	153,2	41,8	308,2	94,8	5436,9	1857,4																							1168,3	418,6	301,7	90,5	179,5	43,7	127,5	23,7	98,5	12,7	80,0	5,9	67,1	1,6	56,9	-1,4	50,0	-3,1	44,8	-3,9	40,9	-4,1	38,2	-4,0	36,4	-3,4	35,7	-2,6
17:30	44,0	-7,3	44,6	-6,1	46,7	-4,7	51,1	-2,9	58,0	-0,9	69,0	1,6	83,4	4,6	114,0	10,6	183,4	23,6	549,7	91,7																															1107,6	154,1	319,3	26,5	185,1	5,1	129,5	-3,4	99,1	-7,5	78,6	-9,7	66,2	-10,5	57,5	-10,6	51,5	-10,2	47,4	-9,5	45,0	-8,6	44,0	-7,4
18:00	55,8	-14,7	56,9	-13,3	60,4	-11,9	68,1	-10,5	80,7	-9,3	103,0	-7,8	137,9	-6,1	244,7	-1,8	1217,8	34,1																																					1245,6	-90,0	319,8	-40,2	181,9	-31,9	122,7	-27,4	95,0	-24,6	78,2	-22,2	67,7	-20,1	61,0	-18,2	57,2	-16,5	55,8	-14,9
18:30	74,4	-27,2	76,6	-25,6	83,4	-24,8	99,0	-25,2	128,0	-27,5	195,2	-34,2	375,0	-54,0																																													1037,9	-289,7	273,1	-89,6	164,3	-59,8	119,5	-46,5	96,4	-38,7	83,5	-33,6	76,7	-30,0	74,4	-27,4
19:00	109,7	-52,2	114,9	-50,8	131,7	-53,3	177,0	-63,7	301,4	-96,1	1715,1	-478,8																																																			613,0	-293,3	250,8	-126,4	165,2	-85,3	130,1	-67,1	114,4	-57,5	109,7	-52,5
19:30	207,5	-124,0	228,9	-128,6	312,4	-162,9	845,8	-401,4																																																											601,7	-388,8	297,4	-191,5	224,5	-141,0	207,2	-124,6
20:00	2559,0	-1891,4																																																																					1E+005	-7E+004	2520,2	-1871,9
20:30																																																																										
21:00																																																																										
21:30																																																																										
22:00																																																																										
22:30																																																																										
23:00																																																																										
23:30																																																																										
24:00																																																																										
